service_id,monday,tuesday,wednesday,thursday,friday,saturday,sunday,start_date,end_date
10726,1,1,1,1,1,0,0,20260527,20260617
11082,0,1,1,1,1,0,0,20260519,20260605
111,0,0,1,0,0,0,0,20260520,20260520
11574,0,0,0,0,0,0,0,20260522,20260828
1282,0,0,0,0,1,0,0,20260619,20260626
12856,0,0,0,0,0,0,0,20260522,20260828
13234,0,0,0,0,0,0,1,20260524,20260823
1324,0,0,1,0,0,0,0,20260617,20260617
13393,0,0,0,0,0,0,1,20260531,20260823
13400,0,0,0,0,0,1,0,20260530,20260822
13454,0,0,1,1,0,0,0,20260519,20260617
14226,0,0,0,0,0,1,0,20260523,20260822
15052,0,0,0,0,0,1,0,20260523,20260822
15102,0,0,0,0,0,0,1,20260524,20260823
1540,0,0,1,0,0,0,0,20260701,20260701
15869,0,0,0,0,0,0,1,20260524,20260823
1728,0,0,0,0,1,0,0,20260522,20260522
1839,0,0,1,0,1,0,0,20260520,20260522
186,0,0,0,0,1,0,0,20260626,20260626
1868,1,0,0,0,0,0,0,20260525,20260525
2073,0,0,0,0,1,0,0,20260615,20260624
24956,1,1,1,1,0,0,0,20260608,20260717
2617,0,1,0,1,0,0,0,20260519,20260521
2728,0,1,1,1,0,0,0,20260519,20260521
2919,0,0,0,0,0,0,0,20260615,20260706
402,1,0,0,0,0,0,0,20260706,20260706
4039,0,0,1,0,0,0,0,20260527,20260610
4150,0,0,1,0,0,0,0,20260520,20260610
4456,0,1,1,1,1,0,0,20260519,20260522
46915,0,1,0,1,0,0,0,20260526,20260827
47665,0,1,0,1,0,0,0,20260521,20260827
50236,0,0,0,0,0,0,0,20260526,20260828
52562,0,1,1,1,0,0,0,20260519,20260827
5363,0,0,1,0,0,0,0,20260527,20260617
54336,1,1,1,1,0,0,0,20260608,20260828
5474,0,0,1,0,0,0,0,20260520,20260617
54781,0,0,1,0,0,0,0,20260527,20260828
54892,0,0,1,0,0,0,0,20260520,20260828
55599,0,0,1,0,0,0,0,20260526,20260828
608,0,0,0,0,0,0,1,20260524,20260524
60962,1,1,1,1,0,0,0,20260526,20260828
61729,1,1,1,1,1,0,0,20260526,20260828
63597,1,1,1,1,1,0,0,20260525,20260828
65418,0,1,1,1,0,0,0,20260519,20260828
66185,0,1,1,1,1,0,0,20260519,20260828
6626,1,1,1,1,1,0,0,20260526,20260605
750,0,0,0,1,0,0,0,20260521,20260521
767,0,0,0,0,1,0,0,20260703,20260703
7980,0,0,0,1,0,0,0,20260519,20260616
826,0,0,0,0,0,1,0,20260523,20260523
9846,0,0,0,0,0,0,0,20260529,20260828
20-1,0,0,0,0,0,1,0,20260315,20260606
20-2,0,0,0,0,0,0,1,20260315,20260606
20-3,1,1,1,1,1,0,0,20260315,20260606
20-4,0,0,0,0,0,1,0,20260315,20260606
20-5,1,0,0,0,0,0,0,20260315,20260606
20-6,1,0,1,0,1,0,0,20260607,20260912
20-7,1,1,1,1,1,0,0,20260607,20260912
20-8,0,0,0,0,1,0,0,20260607,20260912
20-a-1,0,0,0,0,1,0,0,20260607,20260912
20-a-2,0,0,0,0,0,1,0,20260607,20260912
20-a-3,1,0,0,0,0,0,0,20260607,20260912
a-4,1,1,1,1,0,0,0,20260607,20260912
a-5,0,0,0,0,0,0,1,20260607,20260912
H:113:6:Sunday:1:26MAR:1234567,0,0,0,0,0,0,1,20260614,20260823
H:123:0:Weekday:1:26MAR:12345,1,1,1,1,1,0,0,20260615,20260828
H:173:5:Saturday:1:26MAR:6,0,0,0,0,0,1,0,20260613,20260822
KP:323:0:Weekday:1:26MAR:12345,1,1,1,1,1,0,0,20260615,20260828
KPOB-CS:211:6:Sunday:1:26MAR:1234567,0,0,0,0,0,0,1,20260524,20260607
KPOB-CS:221:0:Weekday:1:26MAR:12345,1,1,1,1,1,0,0,20260522,20260612
KPOB-CS:223:0:Weekday:1:26MAR:12345,1,1,1,1,1,0,0,20260615,20260828
KPOB-CS:271:5:Saturday:1:26MAR:6,0,0,0,0,0,1,0,20260523,20260606
KPOB-CS:273:5:Saturday:1:26MAR:6,0,0,0,0,0,1,0,20260613,20260822
MCOB-DO:111:6:Sunday:3:26MAR:1234567,0,0,0,0,0,0,1,20260524,20260607
MCOB-DO:121:0:Weekday:3:26MAR:12345,1,1,1,1,1,0,0,20260522,20260612
MCOB-DO:171:5:Saturday:3:26MAR:6,0,0,0,0,0,1,0,20260523,20260606
1,1,1,1,1,0,0,0,20260607,20260829
10,1,0,0,0,0,0,0,20260607,20260829
11,0,0,0,0,0,1,0,20260607,20260829
12,1,0,0,0,0,0,0,20260607,20260829
13,0,0,0,0,0,0,1,20260607,20260829
14,0,0,0,0,0,0,1,20260607,20260829
15,0,0,0,0,0,1,0,20260607,20260829
16,0,0,0,0,0,1,0,20260607,20260829
17,0,0,0,0,1,0,0,20260607,20260829
18,0,0,0,1,0,0,0,20260607,20260829
19,0,0,1,0,0,0,0,20260607,20260829
2,0,0,0,0,1,0,0,20260607,20260829
3,0,0,0,0,0,0,1,20260607,20260829
4,0,0,0,0,0,1,0,20260607,20260829
5,0,0,0,0,0,0,1,20260607,20260829
6,0,0,1,0,0,0,0,20260607,20260829
7,0,0,0,0,1,0,0,20260607,20260829
8,0,0,0,0,1,0,0,20260607,20260829
9,0,0,0,0,0,1,0,20260607,20260829
a-1,0,0,0,0,0,1,0,20260329,20260606
a-2,1,1,1,1,1,0,0,20260329,20260606
a-3,0,0,0,0,0,0,1,20260329,20260606
LLR_2026-03-29_Jan29_Spring26_CLCrev_Saturday,0,0,0,0,0,1,0,20260329,20260828
LLR_2026-03-29_Jan29_Spring26_CLCrev_Sunday,0,0,0,0,0,0,1,20260329,20260828
LLR_2026-04-13_Jan29_Spring26_CLCrev_Weekday,1,1,1,1,1,0,0,20260413,20260501
LLR_2026-05-04_20260409_Link_PinehurstMar26NB_Weekday,1,1,1,1,1,0,0,20260504,20260515
LLR_2026-05-18_20260331_Link_Spring26PinehurstSB_Weekday,1,1,1,1,1,0,0,20260518,20260521
LLR_2026-05-22_Jan29_Spring26_CLCrev_Weekday,0,0,0,0,1,0,0,20260522,20260522
LLR_2026-05-25_20260512_Link_MemorialDay_Sunday,1,0,0,0,0,0,0,20260525,20260526
LLR_2026-05-26_20260512_Link_JuneEMW_Weekday,0,1,1,1,0,0,0,20260526,20260528
LLR_2026-05-29_Jan29_Spring26_CLCrev_Weekday,0,0,0,0,1,0,0,20260529,20260529
LLR_2026-06-01_Jan29_Spring26_CLCrev_Weekday,1,1,1,1,1,0,0,20260601,20260828
SNDR_2026-04-15_Apr15_Sounder_Spring2026_Weekday,1,1,1,1,1,0,0,20260415,20260828
SNDR_2026-05-03_20260427_Sounder_EventStart1310_Weekend,0,0,0,0,0,0,1,20260503,20260503
SNDR_2026-05-17_20260427_Sounder_EventStart1620_Weekend,0,0,0,0,0,0,1,20260517,20260517
SNDR_2026-05-31_20260427_Sounder_EventStart1310_Weekend,0,0,0,0,0,0,1,20260531,20260531
SNDR_2026-06-21_20260427_Sounder_EventStart1310_Weekend,0,0,0,0,0,0,1,20260621,20260621
SNDR_2026-07-05_20260427_Sounder_EventStart1400_Weekend,0,0,0,0,0,0,1,20260705,20260706
SNDR_2026-07-19_20260427_Sounder_EventStart1310_Weekend,0,0,0,0,0,0,1,20260719,20260719
SNDR_2026-08-01_20260427_Sounder_EventStart1730_Weekend,0,0,0,0,0,1,0,20260801,20260801
SNDR_2026-08-02_20260427_Sounder_EventStart1310_Weekend,0,0,0,0,0,0,1,20260802,20260802
SNDR_2026-08-09_20260427_Sounder_EventStart1310_Weekend,0,0,0,0,0,0,1,20260809,20260809
SNDR_2026-08-23_20260427_Sounder_EventStart1310_Weekend,0,0,0,0,0,0,1,20260823,20260823
SNDR_2026-08-29_20260427_Sounder_EventStart1330_Weekend,0,0,0,0,0,1,0,20260829,20260829
TLINE_2026-01-24_TLink_Saturday_ForGTFS_09162023_12mins,0,0,0,0,0,1,0,20260124,20260828
TLINE_2026-01-24_TLink_Sunday_ForGTFS_09162023_20mins,0,0,0,0,0,0,1,20260124,20260828
TLINE_2026-01-26_TLink_Weekday_forGTFS_09162023_12mins,1,1,1,1,1,0,0,20260126,20260828
2026railplus,1,1,1,1,1,0,0,20260713,20270301
20260604,0,0,0,1,0,0,0,20260604,20260604
20260605,0,0,0,0,1,0,0,20260605,20260605
20260606,0,0,0,0,0,1,0,20260606,20260606
20260607,0,0,0,0,0,0,1,20260607,20260607
20260608,1,0,0,0,0,0,0,20260608,20260608
20260609,0,1,0,0,0,0,0,20260609,20260609
20260610,0,0,1,0,0,0,0,20260610,20260610
20260611,0,0,0,1,0,0,0,20260611,20260611
20260612,0,0,0,0,1,0,0,20260612,20260612
20260613,0,0,0,0,0,1,0,20260613,20260613
20260614,0,0,0,0,0,0,1,20260614,20260614
20260615,1,0,0,0,0,0,0,20260615,20260615
20260616,0,1,0,0,0,0,0,20260616,20260616
20260617,0,0,1,0,0,0,0,20260617,20260617
20260618,0,0,0,1,0,0,0,20260618,20260618
20260619,0,0,0,0,1,0,0,20260619,20260619
20260620,0,0,0,0,0,1,0,20260620,20260620
20260621,0,0,0,0,0,0,1,20260621,20260621
20260622,1,0,0,0,0,0,0,20260622,20260622
20260623,0,1,0,0,0,0,0,20260623,20260623
20260624,0,0,1,0,0,0,0,20260624,20260624
20260625,0,0,0,1,0,0,0,20260625,20260625
20260626,0,0,0,0,1,0,0,20260626,20260626
20260627,0,0,0,0,0,1,0,20260627,20260627
20260628,0,0,0,0,0,0,1,20260628,20260628
20260629,1,0,0,0,0,0,0,20260629,20260629
20260630,0,1,0,0,0,0,0,20260630,20260630
20260701,0,0,1,0,0,0,0,20260701,20260701
20260702,0,0,0,1,0,0,0,20260702,20260702
20260703,0,0,0,0,1,0,0,20260703,20260703
20260704,0,0,0,0,0,1,0,20260704,20260704
20260705,0,0,0,0,0,0,1,20260705,20260705
20260706,1,0,0,0,0,0,0,20260706,20260706
20260707,0,1,0,0,0,0,0,20260707,20260707
20260708,0,0,1,0,0,0,0,20260708,20260708
20260709,0,0,0,1,0,0,0,20260709,20260709
20260710,0,0,0,0,1,0,0,20260710,20260710
20260711,0,0,0,0,0,1,0,20260711,20260711
20260712,0,0,0,0,0,0,1,20260712,20260712
20260713,1,0,0,0,0,0,0,20260713,20260713
20260714,0,1,0,0,0,0,0,20260714,20260714
20260715,0,0,1,0,0,0,0,20260715,20260715
20260716,0,0,0,1,0,0,0,20260716,20260716
20260717,0,0,0,0,1,0,0,20260717,20260717
20260718,0,0,0,0,0,1,0,20260718,20260718
20260719,0,0,0,0,0,0,1,20260719,20260719
20260720,1,0,0,0,0,0,0,20260720,20260720
20260721,0,1,0,0,0,0,0,20260721,20260721
20260722,0,0,1,0,0,0,0,20260722,20260722
20260723,0,0,0,1,0,0,0,20260723,20260723
20260724,0,0,0,0,1,0,0,20260724,20260724
20260725,0,0,0,0,0,1,0,20260725,20260725
20260726,0,0,0,0,0,0,1,20260726,20260726
summer2026_MonFri,1,1,1,1,1,0,0,20260525,20260907
summer2026_SatSun,0,0,0,0,0,1,1,20260530,20260906
winter2025_Fri,0,0,0,0,1,0,0,20250905,20260522
winter2025_MonThu,1,1,1,1,0,0,0,20250902,20260521
winter2025_Sat,0,0,0,0,0,1,0,20250906,20260516
winter2025_Sun,0,0,0,0,0,0,1,20250907,20260517
winter2026_Fri,0,0,0,0,1,0,0,20260911,20270528
winter2026_MonThu,1,1,1,1,0,0,0,20260908,20270527
winter2026_Sat,0,0,0,0,0,1,0,20260912,20270529
winter2026_Sun,0,0,0,0,0,0,1,20260913,20270530
304,1,1,1,1,1,0,0,20260531,20260905
305,0,0,0,0,0,1,0,20260531,20260905
306,0,0,0,0,0,0,1,20260531,20260905
